-14.6481443634932 0.183484288623573 0.0320507768456149 0.255975095279602 0.514417086297797 0.074801894767657 0.727026501715729 1.44009978286952 0.172342210696573 0.074715359261233 0.0799134495667123 0.0743732001202848 0.616967260000577 0.0804054380318245 0.891564373780341 4.07976198960411 3.68116835289205 0 0 3.32523858524752
0.183484288623573 -19.6713707479565 0.472240360688973 0 2.89234422870595 4.17234112526461 0.0129356863099749 0.959979470871389 3.94336400243829 0.171369735625069 0.154106087637425 7.26173098785477 1.07134170931774 0 0.266807589483028 0.939154754023688 0.884651145709542 1.37168216448676 0 0.104474378965142
0.0320507768456149 0.472240360688973 -31.1602807063010 5.78387026395582 0.914716941682512 0.333302784365023 0.0785631898651109 1.20739560725029 5.06608800165662 0.468181892064016 0.00807172241635768 2.71716663600847 0 0 0 5.67400667953838 1.73842038047381 0 1.00422894043130 0
0.255975095279602 0 5.78387026395582 -17.3797889766524 0.121973422062401 0.0291220940577724 6.88941008095648 1.39573116171219 1.31860350286341 0.0568021534322931 0.0261910719340867 0 0.129117952963646 0.0544464057458194 0.0265054181096349 0.349661140648872 0.130206554597179 0 0.240230547223428 0.258134279282747
0.514417086297797 2.89234422870595 0.914716941682512 0.121973422062401 -120.348883579136 0.296276301344742 0 1.60482111712134 1.48368498249352 0.151149290691917 0.268557786300322 0 0 3.49436350413852 0 9.26175212364851 0.395323992641594 1.77826368497165 8.21037404430187 0.652963349517065
0.074801894767657 4.17234112526461 0.333302784365023 0.0291220940577724 0.296276301344742 -22.8333346608552 2.53917422905946 0.240505555688976 9.62183377513537 0.0248365126027927 0.576001874221478 1.7895480590379 0.170796533446384 0 1.27530842413835 0.323272632292674 0.0851012631138442 0 0.00839904185654606 0
0.727026501715729 0.0129356863099749 0.0785631898651109 6.88941008095648 0 2.53917422905946 -9.89480649778767 1.08292149159532 0.0580724559983894 0 0.00497235959433474 1.12579103674592 0.170483253783319 0.0133124114695563 0.111951208399707 0.0684116080505039 0.218018599464634 0.0222932737544317 0.0453119769185936 0.287198950301134
1.44009978286952 0.959979470871388 1.20739560725029 1.39573116171219 1.60482111712134 0.240505555688976 1.08292149159532 -11.1226618109940 0.0278986062761565 0.0533968612124419 0.0517524251180415 0.24148002546466 0.054139361252379 0 0.0126959369156695 2.09686583833545 0.209463181177030 0.142553576051499 0 0.285474154239362
0.172342210696573 3.94336400243829 5.06608800165662 1.31860350286341 1.48368498249352 9.62183377513537 0.0580724559983894 0.0278986062761565 -52.7729389613362 0.0586260352304871 0.709999688215496 0 0 0.33565442221784 1.10354344374583 0.378095745816952 0.164103737854899 0.198255151452709 5.48801827871582 0.146700027305688
0.074715359261233 0.171369735625069 0.468181892064016 0.0568021534322931 0.151149290691917 0.0248365126027927 0 0.0533968612124418 0.0586260352304871 -23.8818371304172 2.67153837374841 0.086264313298569 8.13571565266417 0.905594160835502 0.0211132373434044 0.184220896304271 2.34160931587426 0 2.05805938732158e-05 10.0888704500118
0.0799134495667123 0.154106087637425 0.00807172241635768 0.0261910719340867 0.268557786300322 0.576001874221477 0.00497235959433474 0.0517524251180415 0.709999688215496 2.67153837374841 -6.73470597826795 0.0144528632280339 4.99704787682106 2.9898857209817 0.393889568208148 0.745133368838829 0.108587105877104 0.370670644767034 0.181950620535645 1.81138839785838
0.0743732001202848 7.26173098785477 2.71716663600847 0 0 1.7895480590379 1.12579103674592 0.24148002546466 0 0.086264313298569 0.0144528632280339 -12.2552652553234 1.22566383613831 0.0105712398824717 0.0661533282392293 0.250348569547126 0.733925310605115 0.00581596465619045 0 0.0733089042699213
0.616967260000577 1.07134170931774 0 0.129117952963646 0 0.170796533446384 0.170483253783319 0.054139361252379 0 8.13571565266417 4.99704787682106 1.22566383613831 -69.2476466940916 0.319820283407957 0 0.283424029457286 4.69092788716318 0.433505342579414 0 3.85587738093569
0.0804054380318245 0 0 0.0544464057458194 3.49436350413852 0 0.0133124114695563 0 0.33565442221784 0.905594160835502 2.9898857209817 0.0105712398824717 0.319820283407957 -17.9832314255843 0 1.03549253806047 0.0698404046136219 0.0802038652745944 6.74334312854464 0.495337343695618
0.891564373780341 0.266807589483028 0 0.0265054181096349 0 1.27530842413835 0.111951208399707 0.0126959369156695 1.10354344374583 0.0211132373434044 0.393889568208148 0.0661533282392293 0 0 -12.4137190189049 2.98566041514467 0.529760006656373 0 0 0.131383123543899
4.07976198960412 0.939154754023688 5.67400667953838 0.349661140648872 9.26175212364851 0.323272632292674 0.0684116080505039 2.09686583833545 0.378095745816952 0.184220896304271 0.745133368838829 0.250348569547126 0.283424029457286 1.03549253806047 2.98566041514467 -18.9862864599043 5.95379231802851 0.337967141844428 0.802573150543413 0.20587348654977
3.68116835289205 0.884651145709542 1.73842038047381 0.130206554597179 0.395323992641594 0.0851012631138442 0.218018599464634 0.209463181177030 0.164103737854899 2.34160931587426 0.108587105877104 0.733925310605115 4.69092788716318 0.0698404046136219 0.529760006656374 5.95379231802851 -23.8103774781633 0.191222029677499 0.0182835550532280 0.555797261976188
0 1.37168216448676 0 0 1.77826368497165 0 0.0222932737544317 0.142553576051499 0.198255151452709 0 0.370670644767034 0.00581596465619045 0.433505342579414 0.0802038652745944 0 0.337967141844428 0.191222029677499 -16.6061271807707 0.700464766055956 0.0031827025138132
0 0 1.00422894043130 0.240230547223428 8.21037404430187 0.00839904185654606 0.0453119769185936 0 5.48801827871582 2.05805938732158e-05 0.181950620535645 0 0 6.74334312854464 0 0.802573150543413 0.0182835550532280 0.700464766055956 -22.3999274109017 0.0372564359479036
3.32523858524752 0.104474378965142 0 0.258134279282747 0.652963349517065 0 0.287198950301134 0.285474154239362 0.146700027305688 10.0888704500118 1.81138839785838 0.0733089042699213 3.85587738093569 0.495337343695618 0.131383123543899 0.20587348654977 0.555797261976188 0.0031827025138132 0.0372564359479036 -18.0290030358862
0.06721194 0.05436327 0.04275152 0.05434154 0.01346219 0.04124383 0.07208385 0.05474405 0.02440108 0.0587683 0.1022324 0.06431864 0.02531469 0.04211677 0.03867187 0.0780416 0.0529674 0.01345504 0.03045782 0.06905225 